<Group>
Derived (MultiDye)
6
49		49		49		48		98		98	
Derived (1)	TyBQAAArwAuCFX5hMkehiRpSr6g8=	Derived (2)	TyhQAAArwAuCFX5hMkehiRpSr6g8=	Derived (3)	TzBQAAArwAuCFX5hMkehiRpSr6g8=	Derived (4)	TzhQAAArwAuCFX5hMkehiRpSr6g8=	Derived (1)(2)	T0BQAAArwAuCFX5hMkehiRpSr6g8=	Derived (2)(2)	T0hQAAArwAuCFX5hMkehiRpSr6g8=
X	Y	X	Y	X	Y	X	Y	X	Y	X	Y
5.13292646	0.431259632	12.0133343	0.430515736	18.916563	0.4324717	25.8040047	0.437333584	5.14617729	0.425840974	12.0315666	0.4267637
34.29395	0.4381082	41.12219	0.432042718	48.065918	0.42993632	54.9708252	0.4363844	19.7069931	0.426945776	26.56582	0.427422076
63.43972	0.441168	70.344696	0.431946	77.2423859	0.4330129	84.13763	0.435896575	34.1332321	0.42842114	40.97925	0.426734775
92.64102	0.433185041	99.578064	0.432465166	106.44928	0.430959344	113.398827	0.4332608	48.543972	0.427862883	55.43505	0.429267168
121.974945	0.444529027	128.857529	0.434531629	135.697678	0.433101267	142.538773	0.4316437	63.0557976	0.427608967	69.96419	0.428941667
151.082428	0.4337645	157.967224	0.432665884	164.853241	0.432117522	171.69339	0.4281751	77.44065	0.429868668	84.33895	0.428665161
209.1379	0.449639	186.828735	0.4569061	193.738647	0.455663174	200.632217	0.446170717	91.99412	0.427451819	98.90877	0.4307624
238.343384	0.472459942	216.029617	0.45576632	222.977051	0.458337218	229.818954	0.444503039	106.411865	0.4293298	113.26815	0.427531332
267.5374	0.4618805	245.236115	0.4580061	252.065475	0.458523363	259.0054	0.44104445	120.883949	0.4266646	127.739594	0.43071872
296.773376	0.468035847	274.4774	0.454860181	281.4198	0.459468067	288.309784	0.4439864	135.215042	0.429386258	142.062485	0.4289359
325.921173	0.463203669	303.662567	0.454816043	310.526337	0.458265632	317.421021	0.444838822	149.510513	0.4287346	156.453537	0.4290774
355.2415	0.462653756	332.821472	0.4526338	339.720825	0.457237631	346.6563	0.447210819	164.113251	0.42925337	170.956772	0.4307215
384.481	0.473068535	362.194641	0.4537489	369.101349	0.478684127	375.9369	0.4656494	178.523926	0.428379536	184.539368	0.4636295
413.7343	0.486665964	391.424377	0.476421	398.3661	0.478492528	405.258148	0.476930648	192.016144	0.426041275	198.9645	0.467584819
442.9188	0.485917956	420.593231	0.474183261	427.489624	0.4773019	434.442719	0.4637914	206.587067	0.428082228	213.517212	0.468929827
472.0224	0.485832125	449.8176	0.473587722	456.656525	0.478910148	463.500031	0.4623151	221.1233	0.426503569	228.034332	0.4691071
501.135529	0.4806412	478.907318	0.472980827	485.763916	0.47543633	492.608765	0.4673745	235.642685	0.4270366	242.553162	0.467907071
530.2229	0.477159381	507.9938	0.473099947	514.828552	0.4742033	521.773132	0.461667538	250.16507	0.4288137	257.0557	0.465866446
559.333557	0.4793969	537.0735	0.472702175	543.9756	0.477631927	550.856262	0.4716825	264.63974	0.427524656	271.545349	0.467358738
588.5662	0.482633084	566.230835	0.475750625	573.1712	0.479506016	580.0619	0.463469058	279.033264	0.425875217	285.95108	0.464019984
617.836243	0.4841185	595.4615	0.475025862	602.3554	0.4803533	609.2462	0.477867424	293.401184	0.4296735	300.338226	0.466117322
647.0088	0.4800847	624.744141	0.4717477	631.6552	0.480388045	638.5493	0.475376219	307.8544	0.4272687	314.806122	0.464836031
676.230042	0.4760689	653.874	0.471317649	660.7754	0.476203144	667.663452	0.4739869	322.424072	0.427546352	329.4349	0.463825762
705.52	0.479019	683.1756	0.474061728	690.074463	0.478061348	696.9802	0.465524763	337.0555	0.428160459	343.994537	0.4633236
734.647949	0.473847151	712.367554	0.47073096	719.272	0.476006716	726.1201	0.45963344	351.6601	0.428206831	358.562561	0.464904577
764.08	0.482292473	741.6878	0.479715943	748.62854	0.481791228	755.5201	0.484365225	366.132477	0.45188117	373.0452	0.485723048
793.2907	0.4834647	770.924866	0.47729668	777.8788	0.481993884	784.823364	0.467437744	380.514435	0.454789877	387.41095	0.48715362
822.398132	0.483569324	800.1944	0.4750257	807.032654	0.483520418	813.927368	0.47439152	394.957153	0.454196334	401.8529	0.4840049
851.46344	0.480149865	829.301636	0.477752775	836.142	0.481699675	842.993	0.480837077	409.310364	0.454179347	416.310272	0.483602554
880.657532	0.480301559	858.4233	0.476601839	865.3079	0.480240852	872.1399	0.478010237	423.7553	0.454941481	430.714539	0.484612375
908.8783	0.475354135	887.5633	0.476011574	894.4733	0.48087126	929.558838	0.46742487	438.3823	0.4544482	445.2312	0.4834277
938.0181	0.485194266	915.8239	0.481020927	922.7175	0.486099482	958.691833	0.4772691	452.859528	0.4536351	459.768	0.483843774
967.1511	0.489138246	944.900269	0.4777789	951.8029	0.485776871	987.9375	0.475824356	467.345337	0.452931434	474.2387	0.482324
996.444336	0.483098656	974.0587	0.479568541	981.040649	0.484660119	1017.07782	0.4760065	481.803467	0.453347355	488.6956	0.483721077
1025.6543	0.483192354	1003.35687	0.478545964	1010.21326	0.479940832	1046.581	0.4783148	496.2784	0.451827258	503.164734	0.482559949
1055.10681	0.4822451	1032.58936	0.477356434	1039.62561	0.4794927	1075.8396	0.4803475	510.776245	0.4528503	517.6562	0.483422667
1084.25781	0.476238638	1062.00427	0.477796972	1068.9502	0.479759783	1104.87073	0.4598479	525.216431	0.4537537	532.0975	0.480815023
1113.401	0.480867475	1091.09277	0.477310568	1097.98328	0.4808939	1134.05884	0.475712985	539.615	0.453303874	546.5659	0.484869272
1142.58386	0.475791037	1120.28235	0.4781636	1127.10986	0.48026672	1163.32251	0.469187737	554.0738	0.458234161	560.9678	0.485207379
1171.86462	0.479172975	1149.4823	0.4770849	1156.41931	0.4823671	1192.65613	0.47778368	568.6106	0.459972918	575.4622	0.482689917
1201.23572	0.4814984	1178.8197	0.478252977	1185.7135	0.476313025	1222.01733	0.47554636	583.0752	0.459406585	589.9384	0.482993573
1230.49817	0.4809954	1208.12317	0.478200734	1215.0603	0.474469751	1251.08386	0.467319667	597.4931	0.458630085	604.4243	0.4846983
1259.64893	0.479484618	1237.34119	0.479386717	1244.18457	0.481730342	1280.42334	0.396143317	612.000732	0.4578095	618.83374	0.4835084
1288.99048	0.403284371	1266.54163	0.3661709	1273.49048	0.368860334	1309.60266	0.359120041	626.4647	0.455493242	633.4029	0.482791454
1318.11963	0.365571469	1295.82874	0.365566134	1302.77417	0.370154917	1338.9856	0.36000514	641.0663	0.4589018	647.9151	0.483241767
1347.4635	0.3676935	1325.119	0.36443454	1331.97754	0.365618944	1368.22131	0.3593719	655.3806	0.457200646	662.326965	0.48366493
1376.74121	0.361599147	1354.40173	0.365531921	1361.31226	0.364520133	1397.38586	0.3666534	669.8168	0.460305452	676.6644	0.482089221
1405.90417	0.361902773	1383.64709	0.36183846	1390.49463	0.368798822	1426.59387	0.360556	684.340149	0.4568009	691.173035	0.482059628
1435.10071	0.363580942	1412.78613	0.3668642	1419.63879	0.366635352			698.8059	0.458721519	705.7141	0.481354743
								713.3187	0.45746395	734.661865	0.483809173
								727.773254	0.468677551	749.132141	0.491648018
								742.221252	0.46919322	763.476135	0.486652821
								756.5784	0.4676869	777.797546	0.488214433
								770.9518	0.468932569	792.2146	0.488469541
								785.313538	0.4691012	806.68866	0.4898386
								799.779	0.467549354	821.1396	0.486259282
								814.3031	0.467155	835.6249	0.484416246
								828.711853	0.4661358	850.1512	0.486652851
								843.2378	0.4682614	864.5306	0.486239254
								857.6925	0.4683854	878.9962	0.4851576
								872.106262	0.4689413	893.3629	0.486891985
								886.516968	0.4644821	907.207642	0.48108092
								914.8231	0.466321856	921.6563	0.4885215
								929.2501	0.471146554	936.194641	0.489302
								943.786743	0.472134531	950.7472	0.4895861
								958.3556	0.4731239	965.2506	0.4895914
								972.8618	0.472493649	979.805359	0.487851
								987.3218	0.471772134	994.166931	0.485701621
								1001.6842	0.4723206	1008.62811	0.4884113
								1016.09247	0.471060157	1022.98828	0.485571772
								1030.48181	0.473748982	1037.33093	0.4880761
								1044.8064	0.470908225	1051.65466	0.485271573
								1059.1283	0.470592618	1065.97083	0.4883011
								1073.58936	0.474408567	1094.693	0.4767003
								1087.82275	0.456715047	1109.1272	0.477997571
								1102.22034	0.46603334	1123.50342	0.481918454
								1116.609	0.469266266	1137.98047	0.477731943
								1131.02966	0.466299623	1152.2373	0.4790597
								1145.40149	0.469669074	1166.79224	0.4814327
								1159.85608	0.470755	1181.24243	0.480680555
								1174.38318	0.4716033	1195.74854	0.480884165
								1188.80371	0.4721924	1210.24377	0.478984773
								1203.33032	0.47325623	1224.75793	0.477312684
								1217.82861	0.469652772	1239.17017	0.478759736
								1232.276	0.47120285	1253.61877	0.478506237
								1246.68054	0.4726764	1266.91125	0.396415442
								1274.52844	0.393057555	1281.51746	0.395315021
								1289.13525	0.393214643	1296.06238	0.361551553
								1303.66162	0.363806665	1310.511	0.363200784
								1318.12012	0.364880532	1324.96729	0.361642241
								1332.44006	0.36373803	1339.28845	0.362074941
								1346.85486	0.359793454	1353.74866	0.362006575
								1361.25281	0.3632466	1368.09265	0.360665143
								1375.57349	0.36348936	1382.42236	0.35976404
								1389.89844	0.364166379	1396.783	0.360489666
								1404.34045	0.363594055	1411.29065	0.3603646
								1418.91357	0.360966355	1425.75061	0.3602578
								1433.343	0.364531577	1440.18152	0.3622255
</Group>
